carte 1 0.6032218
bancatre 1 0.9137183
mutuei 25 0.99965966
credit 25 0.99496955
40000000.121011 25 0.9998815
12:36:15 9 0.99971575
a 25 0.9683294
11/10/21 7 0.99973184
le 25 0.85362947
valerie 25 0.83819366
atelier 25 0.94005436
rochelle 3 0.76468945
la 3 0.5467532
17000 25 0.609839
186600032 25 0.996311
80805 25 0.8679795
0606532 25 0.99974364
15519 25 0.96227884
consumerables 25 0.98044926
- 6 0.6148311
1802f093a 25 0.37024543
51a92404 25 0.7899058
252 25 0.98918074
000081 25 0.9999323
701 25 0.9993678
045814 25 0.9912492
auto: 25 0.9757614
no 25 0.992959
montant 24 0.9888182
eur 25 0.8938402
,80 23 0.91482157
debit 25 0.9998691
client 25 0.99982506
ticket 25 0.99994004
conserver 25 0.99999154
