bancaire 1 0.90169305
carte 25 0.77603084
mutuel 6 0.92996603
credit 25 0.99795914
40000000421010 25 0.99951637
12:36:15 25 0.73051137
a 25 0.9718944
11/10/21 7 0.9995852
lf 25 0.96644956
valerie 25 0.9049205
atelier 25 0.9573226
rochelle 25 0.9505987
-- 25 0.45389044
17000 25 0.954318
32 25 0.9378446
51866000 25 0.7009732
8080 25 0.8672236
0606532 25 0.999424
15519 25 0.9918283
neonessass 25 0.9959292
are 25 0.93016773
= 25 0.9900378
4802f093a 25 0.9333228
51:49:20 9 0.9296861
252 25 0.9918793
000081 25 0.9999547
701 25 0.9996306
045814 25 0.9918759
auto: 25 0.9658865
no 25 0.9921232
montant 24 0.9782071
eur 25 0.8708793
.80 23 0.91676253
debit 25 0.9998598
client 25 0.9999105
ticket 25 0.9999263
conserver 25 0.9999852
