carte 25 0.7295985
bancatre 1 0.93222654
mutufi 25 0.9992384
credit 25 0.9381159
40000000421010 25 0.99112284
12:36:15 9 0.9994708
a 25 0.9625518
11/10/21 7 0.9997743
le 25 0.8378345
valerie 25 0.7872965
atelier 25 0.9631979
rochelle 25 0.9563976
- 25 0.95644164
17000 25 0.9346316
32 25 0.9494474
1866000 25 0.58766365
8080s 25 0.80570513
32 25 0.6965294
06065 25 0.9988649
15519 25 0.98967826
annoyass 25 0.9492736
- 25 0.98743945
<11492a04802f093.14 25 0.98651034
252 25 0.98286027
000081 25 0.9998235
701 25 0.99936897
045814 25 0.9804003
auto: 25 0.96470237
no 25 0.9920853
montant 24 0.98570585
eur 25 0.9075569
,80 23 0.93746394
debit 25 0.99987125
client 25 0.99983644
ticket 25 0.99993277
conserver 25 0.9999918
