carte 1 0.89150137
bancaire 1 0.9413048
credit 25 0.996601
mutuel 6 0.79551244
annonomazion 3 0.8093841
a 25 0.98471224
12:36:15 9 0.9994336
11/10/21 7 0.9996748
le 25 0.93341625
valerie 25 0.8706208
atelier 25 0.93599457
rochelle 11 0.9624261
1. 13 0.9916379
17000 25 0.9233345
186600032 25 0.9971624
80805 25 0.9119879
06065 25 0.9981785
32 25 0.7901055
15519 25 0.97340596
consummaniass 25 0.54596823
<11492a04802f093. 25 0.94935316
252 25 0.9878704
000081 25 0.99990475
701 25 0.99923944
045814 25 0.9768057
auto: 25 0.9847158
no 25 0.99203146
montant 24 0.9370082
eur 25 0.87750965
.80 23 0.89789516
debit 25 0.9996996
client 25 0.9998735
ticket 25 0.9999081
conserver 25 0.9999763
