40000000421010 25 0.9954875
le 25 0.7327308
11/10/21 7 0.9993374
a 25 0.980753
12:36:15 9 0.99670607
at&ttfr 8 0.91660595
valerie 16 0.8631376
rochelle 25 0.8444672
17000 25 0.7530746
0606532 25 0.99659663
8080s 25 0.68481135
186600032 25 0.9973029
15519 25 0.9797443
newsgroups: 25 0.9947247
s1a02a048020010 25 0.9964012
701 25 0.99944454
000081 25 0.999907
252 25 0.9961578
auto: 25 0.9737466
no 25 0.99333197
045814 25 0.9841399
montant 24 0.876437
,80 23 0.84774643
eur 25 0.92989767
debit 25 0.99946684
ticket 25 0.9999182
client 25 0.9998598
conserver 25 0.9999864
