carte 25 0.500366
bancaire 1 0.9074668
mutufi 25 0.99941444
credit 25 0.9453235
40000000421010 25 0.99824286
12:36:15 9 0.9984091
a 25 0.9740897
11/10/21 7 0.9997378
le 25 0.8857572
valerie 25 0.4725398
atfiter 8 0.53654766
rochelle 25 0.9211347
17000 25 0.5967014
186600032 25 0.99789006
80805 25 0.87288654
0606532 25 0.99972564
15519 25 0.99350435
newsgroups: 25 0.9718988
51a92a04802f093a 25 0.9008674
252 25 0.9959346
000081 25 0.9999223
701 25 0.99930644
045814 25 0.9925574
auto: 25 0.9721656
no 25 0.99269813
montant 24 0.9849349
eur 25 0.8927795
,80 23 0.9168408
debit 25 0.999895
client 25 0.99981743
ticket 25 0.99996233
conserver 25 0.9999924
