carte 25 0.7876056
bancaire 1 0.6320199
mutuel 6 0.8501252
credit 25 0.99760026
40000000421010 25 0.9994671
12:36:15 9 0.9990287
a 25 0.9609793
11/10/21 7 0.9997485
le 25 0.92937434
valerie 16 0.8647739
atflier 12 0.60739076
rochelle 25 0.3733482
l. 25 0.742105
17000 25 0.9341886
32 25 0.97842866
1866000 25 0.67280143
80805 25 0.9907981
06065 25 0.99900705
32 13 0.7517348
15519 25 0.9887311
connabors: 25 0.98681194
assass. 25 0.99956757
252 25 0.9875043
000081 25 0.999884
701 25 0.99931383
045814 25 0.9824651
auto: 25 0.959056
no 25 0.98987097
montant 24 0.9720809
eur 25 0.8707925
.80 23 0.90767723
debit 25 0.9998684
client 25 0.9998776
ticket 25 0.9999167
conserver 25 0.9999856
