carte 25 0.81806207
bancaire 1 0.6418576
mutuel 6 0.8334093
credit 25 0.9987313
12:36:15 9 0.99902964
a 25 0.9654876
11/10/21 7 0.9997639
le 25 0.87500614
valerie 25 0.92885107
atelier 25 0.9794571
rochelle 25 0.9910246
- 25 0.9420967
17000 25 0.6202133
186600032 25 0.999228
8080s 25 0.90278417
21 13 0.8325453
06065 25 0.9988362
15519 25 0.99280256
newsgroups: 25 0.9988456
- 25 0.9999385
252 25 0.9966403
000081 25 0.9999101
701 25 0.9993826
045814 25 0.99041265
auto: 25 0.96589357
no 25 0.9925925
montant 24 0.9850544
eur 25 0.88111454
,80 23 0.91425425
debit 25 0.9999002
client 25 0.9998692
ticket 25 0.99995506
conserver 25 0.9999919
