bancatre 1 0.5234439
carte 25 0.93955415
mutuel 6 0.8246898
credit 25 0.9980862
40000000421010 25 0.9997688
- 25 0.99369806
12:36:15 9 0.9990318
- 25 0.9898851
11/10/21 7 0.9997236
le 25 0.9800238
valerie 25 0.9185145
atelier 25 0.95684147
rochelle 3 0.5395964
la 25 0.5273719
17000 25 0.62795526
186600032 25 0.99780136
80805 25 0.9053272
0606532 25 0.9996723
15519 25 0.9715546
nughnesses 25 0.9848579
want 25 0.9815134
a 25 0.9855209
252 25 0.99490404
000081 25 0.99992204
701 25 0.9995004
045814 25 0.9890914
auto: 25 0.9696342
no 25 0.9903492
montant 24 0.98994195
eur 25 0.8884912
,80 23 0.9230438
debit 25 0.9998437
client 25 0.99987686
ticket 25 0.9999527
conserver 25 0.9999895
