rancatre 1 0.6545518
carte 1 0.68135816
mutufi 25 0.9992725
credit 25 0.9657849
40000000421010 25 0.99590427
c. 25 0.9987735
12:36:15 9 0.9968566
a 25 0.9747413
11/10/21 7 0.9998087
le 25 0.93015546
valerie 25 0.7786948
atelier 25 0.9740322
rochelle 25 0.9905787
- 25 0.94342047
17000 25 0.6865208
186600032 25 0.99644
80805 25 0.8982865
0606532 25 0.9997008
15519 25 0.989398
newsgroups: 25 0.94775105
the 25 0.39037734
- 25 0.99748635
s1.492a04802f0934 25 0.9929125
252 25 0.9960121
000081 25 0.9999274
701 25 0.99944645
045814 25 0.9928215
auto: 25 0.97029704
no 25 0.9914655
montant 24 0.9841995
eur 25 0.8965735
,80 23 0.9116766
debit 25 0.99990404
client 25 0.9998167
ticket 25 0.999959
conserver 25 0.99999094
