carte 1 0.726613
bancaire 1 0.595146
credit 25 0.9987349
mutuel 6 0.7933654
40000000421010 25 0.9990108
a 25 0.96640646
lf 25 0.9716977
11/10/21 7 0.9996424
12:36:15 9 0.9991953
valerie 25 0.92659485
atelier 25 0.9441614
rochelle 25 0.990227
- 25 0.97247577
17000 25 0.6535998
80805 25 0.9323183
186600032 25 0.99844474
06065 25 0.99764085
32 25 0.79959095
15519 25 0.9961881
newsgroups: 25 0.979418
s1a92a04802f093. 25 0.9894589
252 25 0.9924739
000081 25 0.99987316
701 25 0.99909925
auto: 25 0.97014445
045814 25 0.9816876
no 25 0.9924455
montant 24 0.9197685
,80 23 0.88172776
eur 25 0.88904166
debit 25 0.99978846
client 25 0.99988616
ticket 25 0.99990714
conserver 25 0.9999896
