carte 25 0.75397605
bancatre 25 0.5444407
credit 25 0.99843234
mutuel 6 0.8490185
40000000421010 25 0.99952745
a 25 0.9725993
12:36:15 9 0.99940014
11/10/21 7 0.9997485
le 25 0.90611756
valerie 25 0.919361
atelier 25 0.954602
rochelle 25 0.86939484
i 25 0.9060503
17000 25 0.9234223
32 25 0.97839147
1866000 25 0.64515907
80805 25 0.9868751
22 25 0.7984793
06065 25 0.99854845
15519 25 0.99726415
newsgroups: 25 0.948849
<1492a04802f093.1 25 0.98312587
252 25 0.9871898
000081 25 0.99986386
701 25 0.99918276
045814 25 0.97761893
auto: 25 0.96329546
no 25 0.9930848
montant 24 0.95502096
eur 25 0.8640013
.80 23 0.88802665
debit 25 0.9998388
client 25 0.9998808
ticket 25 0.9999347
conserver 25 0.99998677
