carte 25 0.5739143
bancatre 1 0.5201687
credit 25 0.9977762
mutuel 6 0.8293439
40000000421010 25 0.9994097
a 25 0.97377217
12:36:15 9 0.99957496
le 25 0.77154964
11/10/21 7 0.9997348
valerie 25 0.85039437
atelier 25 0.96038634
rochelle 25 0.9923476
- 25 0.95457906
17000 25 0.74939644
soros18660032 25 0.9979261
0606532 25 0.9763163
15519 25 0.7717311
congregations 3 0.7178784
4802f093a 5 0.9181399
51,492a0. 3 0.7095932
252 25 0.9980482
000081 25 0.9999788
701 25 0.99972135
045814 25 0.9880015
auto: 25 0.9720968
no 25 0.9927423
montant 24 0.9455054
,80 23 0.8929192
eur 25 0.8979978
debit 25 0.9996785
client 25 0.99988997
ticket 25 0.9999317
conserver 25 0.99998677
