rancatre 25 0.9481818
carte 25 0.86575407
mutuel 6 0.8279142
credit 25 0.997609
40000000421010 25 0.999706
cb 25 0.9998826
12:36:15 9 0.9988631
- 25 0.9894797
11/10/21 7 0.99976677
le 25 0.9723092
valerie 25 0.91138875
atelier 25 0.9793362
rochelle 25 0.9864391
- 25 0.9667786
17000 25 0.810351
186600037 25 0.9922651
80805 25 0.88459843
0606532 25 0.9996604
15519 25 0.9867328
neuros9459 25 0.9992455
with 25 0.9952199
51a92a04802f093. 25 0.9629782
252 25 0.98803
000081 25 0.9998839
701 25 0.9992969
045814 25 0.9900253
auto: 25 0.9687104
no 25 0.9917572
montant 24 0.98865813
eur 25 0.897415
,80 23 0.91361856
debit 25 0.99984014
client 25 0.9998894
ticket 25 0.999936
conserver 25 0.9999914
