bancaire 1 0.70576185
carte 25 0.83367676
mutuel 6 0.8159853
credit 25 0.9981027
40000000421010 25 0.9996642
12:36:15 9 0.9974101
- 25 0.9934202
11/10/21 7 0.9996985
le 25 0.9886413
valerie 25 0.9448019
atelier 25 0.9696016
rochelle 11 0.9028315
1.2 13 0.8961685
17000 25 0.8349961
186600032 25 0.99049485
80805 25 0.90743876
0606532 25 0.9995659
15519 25 0.9902901
newsgroups: 25 0.97066575
the 6 0.43637338
s1.492a04802f093. 25 0.78844124
252 25 0.9332786
000081 25 0.99991906
701 25 0.9994092
045814 25 0.97607315
auto: 25 0.9813099
no 25 0.99068063
montant 24 0.987663
eur 25 0.88935065
,80 23 0.9492725
debit 25 0.99984956
client 25 0.99993086
ticket 25 0.9999299
conserver 25 0.99998796
