CATHLO 1 0.9953069
Subject: 25 0.9919497
Date: 8 0.99410534
COMPERD 25 0.9999199
THIRD 25 0.9908256
the 3 0.63932973
DECATHLONOCAMPUS 1 0.9843248
4BOULFYARD-DEMONS 1 0.40286836
59650-vILL.ENEUNED.ASCO 3 0.98292106
Tel 6 0.835814
03:20:33:75:00 5 0.969242
STRETT50056940500030 25 0.9896366
NAF 3 0.53854865
47642 25 0.9994222
TVALER11500569405 25 0.9998567
2892-108 7 0.7816022
10.00 15 0.7417828
RFID 25 0.98771113
1279070447 25 0.99943906
2040858 25 0.99977523
GOOKE 25 0.92728484
RIDIOG8131706847 25 0.9977738
CTAL 24 0.8671461
19,00 23 0.7811249
a 25 0.90345544
2Article(s) 25 0.9767131
tactless 24 0.51169944
19,00 17 0.8069996
mtt-tva 25 0.46569166
CAUX 25 0.9137969
MTTHT 25 0.5496731
3,17 25 0.91573894
15,83 25 0.7054715
20% 25 0.9929484
3,17 25 0.7891642
15.83 23 0.54274654
700118 25 0.9998264
CHR2 25 0.999933
sse) 25 0.9842867
Magasin 25 0.99993026
3.5.4.2 25 0.96413344
157 25 0.99682546
No 25 0.99903214
Vente 25 0.9983175
Lines: 25 0.98969144
delignesticket? 25 0.99998057
Retrouvez-nous 25 0.99930644
notine 25 0.9982821
Macq-Campus 25 0.9995691
&notreinstagegram 25 0.9999211
cocathien.campus 25 0.999668
BURTH 25 0.9997899
same 25 0.98996794
