bancaire 1 0.70626134
carte 25 0.8748696
mutuel 6 0.8744975
credit 25 0.99596465
12:36:15 9 0.9992931
a 25 0.9561575
11/10/21 7 0.999739
le 25 0.93157953
valerie 25 0.9118858
atelier 25 0.9532312
rochelle 3 0.8196829
la 3 0.60444856
17000 25 0.6586301
80805186600032 25 0.9423295
0606532 25 0.9847616
15519 25 0.9584449
<1492a04802f093. 25 0.97398597
252 25 0.98951054
000081 25 0.9999231
701 25 0.9994413
045814 25 0.9877957
auto: 25 0.9715137
no 25 0.9904275
montant 24 0.97750354
eur 25 0.8607187
.80 23 0.90725523
debit 25 0.99976605
client 25 0.9998497
ticket 25 0.99992883
conserver 25 0.99998343
