bancatre 1 0.796377
carte 25 0.83901316
mutufl 25 0.901668
credit 25 0.9809045
40000000421010 25 0.9993426
c. 25 0.99871933
12:36:15 9 0.9994035
a 25 0.9616561
11/10/21 7 0.99982435
le 25 0.89038354
valerie 25 0.89156866
atelier 25 0.9450841
rochelle 3 0.6978302
la 25 0.56192905
17000 25 0.77919835
80805186600032 25 0.9887806
0606532 25 0.98808706
15519 25 0.9844989
ananasiass 25 0.99982893
sender: 25 0.9910157
<1492a04802f0934 25 0.9992926
252 25 0.9976044
000081 25 0.99991727
701 25 0.99940884
045814 25 0.99376714
auto: 25 0.9717881
no 25 0.9922482
montant 24 0.9899456
eur 25 0.9026773
,80 23 0.92549676
debit 25 0.9998635
client 25 0.9997943
ticket 25 0.99996257
conserver 25 0.9999895
