bancaire 1 0.79950607
carte 25 0.7637167
mutuel 6 0.89144886
credit 25 0.99541605
40000000421010 25 0.999519
12:36:15 9 0.9993395
a 25 0.9757083
11/10/21 7 0.999772
le 25 0.96879244
valerie 25 0.88795596
atelier 25 0.9500362
rochelle 3 0.8365798
la 3 0.64875305
17000 25 0.5742449
186600032 25 0.9946984
80805 25 0.8412317
0606532 25 0.9995914
15519 25 0.9293667
nurreasing 25 0.943484
the 6 0.69085485
<11492a04802f0934 25 0.7429429
252 25 0.9961836
000081 25 0.99994195
701 25 0.9995073
045814 25 0.9859611
auto: 25 0.97920954
no 25 0.99165756
montant 24 0.9894226
eur 25 0.90119916
,80 23 0.9337367
debit 25 0.9998652
client 25 0.99991095
ticket 25 0.9999398
conserver 25 0.99998796
